 r  b   swpd   free   buff  cache   si   so    bi    bo   in   cs us sy id wa
 0  0      0 112944  64736 169284    0    0     2     8  387  112  3  5 92  0
 1  0      0 112944  64736 169284    0    0     0     0  341  105  3  6 91  0
 0  1      0 112944  64744 169284    0    0     0  1916  497  248  7  7  0 86
 0  1      0 112944  64744 169284    0    0     0     0  632  532  1 10  0 89
 0  1      0 112944  64744 169284    0    0     0     0  358   97  4  5  0 91
 0  1      0 112944  64744 169284    0    0     0     0  364  131  5  3  0 92
 1  1      0 112944  64744 169284    0    0     0     0  380  126  0  2  0 98
 2  0      0 112944  64744 169284    0    0     0    32  408  157  3 10 87  0
43  0      0 111648  64764 169304    0    0    12   172 4200 1721 31 67  2  0
18  0      0 111392  64800 169308    0    0     4   140 3716 1490 40 60  0  0
30  0      0 108728  64800 169420    0    0     8    88 2460 1429 63 37  0  0
12  1      0 108104  64812 169668    0    0     4   332 2188 1457 54 46  0  0
91  0      0 107340  64816 169324    0    0     4   104 4443 1873 44 56  0  0
27  1      0 109248  64824 169324    0    0     0    96 3241 1675 55 45  0  0
32  0      0 109420  64840 169332    0    0     8   336 3877 1646 32 68  0  0
 8  1      0 110248  64904 169340    0    0     8   260 4502 2127 35 65  0  0
24  0      0 109704  64968 169348    0    0     8   208 3996 1765 22 78  0  0
 6  0      0 110080  65000 169356    0    0     8   316 4470 2166 30 70  0  0
 6  0      0 110056  65012 169356    0    0     0    68 4105 1527 38 62  0  0
 0  1      0 109760  65028 169436    0    0     0  4144 4088 1783 30 56  0 14
32  1      0 109032  65028 169436    0    0     0     0 2985 1307 43 47  0  9
72  0      0 107656  65032 169464    0    0     0    48 4551 1807 39 61  0  0
 1  1      0 109940  65032 169436    0    0     0  1152 3955 1580 47 53  0  0
15  1      0 109244  65032 169436    0    0     0  1204 4873 1655 29 65  0  6
 0  1      0 109240  65032 169436    0    0     0     0 3592 1331 38 57  0  5
 6  1      0 109328  65032 169436    0    0     0     0 3303 1478 14 54  0 32
11  1      0 109264  65032 169436    0    0     0     0 4041 1750 30 67  0  3
 4  1      0 109256  65032 169436    0    0     0    20 3927 1440 23 49  0 28
 2  1      0 109216  65044 169436    0    0     0   700 3908 1417 29 63  0  8
 7  1      0 109120  65044 169436    0    0     0     0 3232 1394 16 46  0 37
 0  0      0 109484  65044 169436    0    0     0    32 3809 1649 22 69  1  8
26  0      0 108948  65044 169440    0    0     4    24 3772 1430 19 54 27  0
 2  0      0 109380  65076 169440    0    0     0   116 4271 1662 36 54 10  0
29  0      0 108884  65076 169440    0    0     0     4 2923 1295 17 46 37  0
 4  0      0 109460  65080 169440    0    0     0    32 3984 1634 27 60 13  0
51  0      0 109052  65080 169444    0    0     4    84 3612 1504 34 56 10  1
53  0      0 108552  65096 169488    0    0     4   188 3215 1912 61 39  0  0
55  1      0 107436  65100 169456    0    0     0   124 3583 1547 55 45  0  0
12  0      0 109668  65156 169456    0    0     8   296 4196 2216 40 60  0  0
11  0      0 109400  65156 169464    0    0     8   208 3936 1537 30 70  0  0
 8  0      0 109352  65264 169472    0    0     8   328 4539 2052 43 57  0  0
 9  0      0 109312  65308 169476    0    0     4   152 3790 1593 24 76  0  0
 3  0      0 109264  65308 169476    0    0     0  2144 4388 1981 21 69  0  9
 1  2      0 109296  65312 169476    0    0     0  2148 3726 1435 35 54  0 11
 8  2      0 109116  65312 169476    0    0     0     4 4000 1501 15 56  0 29
15  2      0 109020  65312 169476    0    0     0     0 3797 1556 23 71  0  6
14  0      0 108964  65320 169476    0    0     0  1168 3710 1510 18 59  0 23
 0  1      0 109156  65320 169476    0    0     0  1152 4048 1680 29 59  0 11
 8  1      0 109156  65320 169476    0    0     0     0 3503 1481 20 57  0 24
 0  1      0 109212  65320 169476    0    0     0     0 3555 1422 22 48  0 30
19  1      0 108832  65320 169476    0    0     0     0 3669 1369 23 57  0 20
 1  1      0 109024  65336 169480    0    0     0   428 4221 1716 26 58  0 16
11  0      0 108896  65348 169480    0    0     0    32 3660 1434 26 57  0 17
 0  0      0 109072  65348 169480    0    0     0     0 3402 1503 21 42 38  0
 1  0      0 109020  65348 169480    0    0     0     0 3898 1549 34 56 11  0
 0  0      0 108940  65348 169480    0    0     0     0 3669 1471 18 44 38  0
17  0      0 108496  65352 169480    0    0     0    24 3610 1462 38 50 12  0
 0  0      0 108872  65376 169484    0    0     4    68 3508 1555 29 41 31  0
46  0      0 107936  65388 169484    0    0     0    36 4057 1615 34 64  2  0
 0  0      0 108952  65440 169488    0    0     4   168 4064 1764 22 63 14  1
56  0      0 107544  65452 169492    0    0     4    76 3915 1691 44 54  2  0
16  0      0 108608  65528 169500    0    0     8   232 4152 1717 24 65  9  1
 6  0      0 108812  65612 169504    0    0     4   200 4110 1707 37 63  0  0
16  0      0 108216  65624 169504    0    0     0  2080 3688 1523 35 52  0 14
 6  0      0 108632  65668 169508    0    0     4   156 4213 1955 29 71  0  0
32  2      0 107976  65708 169516    0    0     8  2164 3912 1869 31 64  0  5
 1  2      0 108544  65708 169516    0    0     0     0 3824 1444 16 57  0 26
 3  2      0 108932  65708 169516    0    0     0     0 3155 1398 27 48  0 25
 1  2      0 109844  65708 169516    0    0     0     8 2191 1064  3 30  0 67
 0  1      0 111004  65732 169516    0    0     0  2292 3054 1379 11 19  0 70
 0  1      0 111004  65732 169516    0    0     0     0  436  121  0  1  0 99
 1  1      0 111004  65732 169516    0    0     0     0  367  126  5  5  0 90
