 r  b   swpd   free   buff  cache   si   so    bi    bo   in   cs us sy id wa st
 0  0      0 898956  42216 445364    0    0     1     6   28   85  4  1 95  0  0
 0  0      0 903520  42216 445364    0    0     0     0  831  114  0  0 100  0  0
 0  0      0 907900  42216 445364    0    0     0     0  842  135  0  1 99  0  0
 0  0      0 912396  42216 445364    0    0     0     0  840  141  1  1 99  0  0
 0  0      0 916984  42216 445364    0    0     0     0  830  110  0  1 100  0  0
 0  0      0 921620  42216 445364    0    0     0     0  842  139  0  1 99  0  0
 0  0      0 926332  42216 445364    0    0     0     0  824  100  0  1 99  0  0
 0  0      0 930944  42216 445364    0    0     0     0  828  108  0  0 100  0  0
 0  0      0 899348  42236 445344    0    0     0     0 2974 1852 33 10 57  0  0
14  0      0 860448  42240 445364    0    0     0     0 2891 1869 49 13 39  0  0
 1  0      0 783056  42244 445364    0    0     0     0 2818 1857 74 20  7  0  0
 0  0      0 776124  42248 445364    0    0     0     0 1475  688  5  3 92  0  0
 8  0      0 761564  42248 445372    0    0     0     0 3528 2358 45 15 40  0  0
 2  0      0 754760  42248 445444    0    0     0   436 4518 3878 45 20 35  0  0
90  0      0 733036  42248 445584    0    0     0     0 3385 1816 81 18  1  0  0
61  0      0 735220  42248 445652    0    0     0     0 3601 2232 76 24  0  0  0
60  0      0 759980  42248 445740    0    0     0     0 3281 1956 78 22  0  0  0
82  0      0 727712  42248 445756    0    0     0     0 3445 2081 81 19  0  0  0
78  0      0 750980  42248 445764    0    0     0   400 3758 2501 79 21  0  0  0
93  0      0 728092  42248 445764    0    0     0     0 3203 1882 82 19  0  0  0
64  0      0 699748  42248 445764    0    0     0     0 2889 1635 79 21  0  0  0
 0  0      0 684624  42248 445764    0    0     0     0 3019 2017 60 14 26  0  0
29  0      0 766684  42248 445764    0    0     0     0 4171 2470 72 22  6  0  0
95  0      0 798656  42248 445764    0    0     0     0 3678 2212 80 20  0  0  0
49  0      0 741980  42248 445764    0    0     0     0 2827 1666 83 17  0  0  0
100  0      0 681372  42248 445764    0    0     0     0 3023 1731 79 21  0  0  0
74  0      0 710728  42248 445764    0    0     0     0 3452 1921 80 20  0  0  0
104  0      0 734896  42248 445764    0    0     0     0 3572 1934 80 20  0  0  0
81  0      0 743376  42248 445764    0    0     0     0 3201 1883 80 20  0  0  0
100  0      0 694912  42248 445764    0    0     0     0 2805 1565 81 19  0  0  0
102  0      0 688172  42248 445764    0    0     0     0 3295 1761 78 22  0  0  0
100  0      0 725736  42248 445764    0    0     0     0 3412 1793 81 19  0  0  0
98  0      0 738776  42248 445764    0    0     0     0 3280 1971 80 20  0  0  0
103  0      0 685456  42248 445764    0    0     0     0 2860 1555 84 17  0  0  0
103  0      0 676400  42248 445764    0    0     0     0 3537 1968 79 22  0  0  0
101  0      0 720152  42248 445764    0    0     0     0 3366 1810 83 18  0  0  0
 2  0      0 767508  42248 445764    0    0     0     0 3112 1999 69 17 13  0  0
 6  0      0 727336  42248 445764    0    0     0     0 2646 1701 41 12 47  0  0
81  0      0 703184  42248 445764    0    0     0     0 4034 2363 65 19 16  0  0
32  0      0 779188  42248 445764    0    0     0     0 3156 1939 80 20  0  0  0
75  0      0 741508  42248 445764    0    0     0     0 3343 1992 78 22  0  0  0
68  0      0 726644  42248 445764    0    0     0     0 3275 1887 78 22  0  0  0
84  0      0 714500  42248 445764    0    0     0     0 3422 2011 75 25  0  0  0
91  0      0 720460  42248 445764    0    0     0   160 3474 2081 80 20  0  0  0
95  0      0 697860  42248 445764    0    0     0     0 3105 1691 80 20  0  0  0
94  0      0 688616  42248 445764    0    0     0     0 3173 1741 80 20  0  0  0
106  0      0 696924  42248 445764    0    0     0     0 3439 1793 82 19  0  0  0
97  0      0 727344  42248 445764    0    0     0     0 3231 1903 80 20  0  0  0
103  0      0 702808  42248 445764    0    0     0   288 3258 1891 80 20  0  0  0
100  0      0 709976  42248 445768    0    0     0     0 3154 1687 83 17  0  0  0
102  0      0 695312  42248 445768    0    0     0     0 3159 1732 79 21  0  0  0
100  0      0 711212  42248 445768    0    0     0     0 3245 1837 79 21  0  0  0
93  0      0 705120  42248 445768    0    0     0     0 3106 1705 80 20  0  0  0
98  0      0 699904  42248 445768    0    0     0     0 3197 1795 80 20  0  0  0
78  0      0 709540  42248 445768    0    0     0     0 3296 1791 79 21  0  0  0
98  0      0 713284  42248 445768    0    0     0     0 3199 1771 80 20  0  0  0
51  0      0 718144  42248 445768    0    0     0     0 3034 1713 78 22  0  0  0
102  0      0 677700  42248 445768    0    0     0     0 3401 1946 78 22  0  0  0
36  0      0 716012  42248 445768    0    0     0     0 3157 1828 82 18  0  0  0
100  0      0 698300  42248 445768    0    0     0     0 3938 2280 79 21  0  0  0
17  0      0 754312  42248 445768    0    0     0     0 3049 1822 77 24  0  0  0
97  0      0 694724  42248 445768    0    0     0     0 3849 2306 74 21  5  0  0
72  0      0 733752  42248 445768    0    0     0     0 3238 1909 79 22  0  0  0
80  0      0 720540  42248 445768    0    0     0     0 3214 1860 77 23  0  0  0
60  0      0 732600  42248 445768    0    0     0     0 3416 1966 76 24  0  0  0
89  0      0 735288  42248 445768    0    0     0     0 3607 2112 76 24  0  0  0
82  0      0 729840  42248 445768    0    0     0     0 3080 1762 78 22  0  0  0
69  0      0 709220  42248 445768    0    0     0     0 3033 1641 78 23  0  0  0
15  0      0 839548  42248 445768    0    0     0     0 2967 1698 83 17  0  0  0
 0  0      0 887444  42248 445768    0    0     0     0  957  189  7  1 92  0  0
 0  0      0 891808  42248 445768    0    0     0     0  843  137  0  1 99  0  0
 0  0      0 902416  42248 445768    0    0     0     0 2069 1014 38  9 54  0  0
 0  0      0 907148  42248 445768    0    0     0     0  828  112  0  0 100  0  0
 0  0      0 911784  42248 445768    0    0     0     0  839  136  1  1 99  0  0
 0  0      0 916396  42248 445768    0    0     0     0  844  137  0  1 99  0  0
